Number of Sentences    :        2077
Number of Propositions :        4799
Percentage of perfect props :  37.82

              corr.  excess  missed    prec.    rec.      F1
------------------------------------------------------------
   Overall     5000    2460    4348    67.02   53.49   59.50
----------
      ARG0     1087     224     646    82.91   62.72   71.42
      ARG1     1760    1032    1481    63.04   54.30   58.35
  ARG1-DSP        0       0       4     0.00    0.00    0.00
      ARG2      442     446     687    49.77   39.15   43.83
      ARG3        9       9      65    50.00   12.16   19.57
      ARG4       26      19      30    57.78   46.43   51.49
      ARG5        0       0       1     0.00    0.00    0.00
      ARGA        0       0       2     0.00    0.00    0.00
  ARGM-ADJ      130      68      98    65.66   57.02   61.03
  ARGM-ADV      194     140     302    58.08   39.11   46.75
  ARGM-CAU        8      21      38    27.59   17.39   21.33
  ARGM-COM        5       5       8    50.00   38.46   43.48
  ARGM-CXN        2       5      10    28.57   16.67   21.05
  ARGM-DIR       11      19      36    36.67   23.40   28.57
  ARGM-DIS      100      27      82    78.74   54.95   64.72
  ARGM-EXT       63      36      42    63.64   60.00   61.76
  ARGM-GOL        0       3      24     0.00    0.00    0.00
  ARGM-LOC       81      98     126    45.25   39.13   41.97
  ARGM-LVB       14       9      55    60.87   20.29   30.43
  ARGM-MNR       50      35      98    58.82   33.78   42.92
  ARGM-MOD      374      11      68    97.14   84.62   90.45
  ARGM-NEG      178      20      38    89.90   82.41   85.99
  ARGM-PRD        6      12      38    33.33   13.64   19.35
  ARGM-PRP       26      32      49    44.83   34.67   39.10
  ARGM-PRR       26      20      43    56.52   37.68   45.22
  ARGM-TMP      324     154     219    67.78   59.67   63.47
    R-ARG0       51       6      16    89.47   76.12   82.26
    R-ARG1       30       8      22    78.95   57.69   66.67
    R-ARG2        0       0       1     0.00    0.00    0.00
R-ARGM-ADJ        0       0       1     0.00    0.00    0.00
R-ARGM-ADV        0       0       1     0.00    0.00    0.00
R-ARGM-DIR        0       0       1     0.00    0.00    0.00
R-ARGM-LOC        3       1       6    75.00   33.33   46.15
R-ARGM-MNR        0       0       8     0.00    0.00    0.00
R-ARGM-TMP        0       0       2     0.00    0.00    0.00
------------------------------------------------------------
         V     4788      11      14    99.77   99.71   99.74
------------------------------------------------------------
