Number of Sentences    :        2077
Number of Propositions :        4799
Percentage of perfect props :  39.20

              corr.  excess  missed    prec.    rec.      F1
------------------------------------------------------------
   Overall     5190    2827    4158    64.74   55.52   59.78
----------
      ARG0     1083     259     650    80.70   62.49   70.44
      ARG1     1824    1093    1417    62.53   56.28   59.24
  ARG1-DSP        0       0       4     0.00    0.00    0.00
      ARG2      480     528     649    47.62   42.52   44.92
      ARG3       16      12      58    57.14   21.62   31.37
      ARG4       25      17      31    59.52   44.64   51.02
      ARG5        0       0       1     0.00    0.00    0.00
      ARGA        0       0       2     0.00    0.00    0.00
  ARGM-ADJ      140      71      88    66.35   61.40   63.78
  ARGM-ADV      204     181     292    52.99   41.13   46.31
  ARGM-CAU        9      24      37    27.27   19.57   22.78
  ARGM-COM        4       6       9    40.00   30.77   34.78
  ARGM-CXN        4      11       8    26.67   33.33   29.63
  ARGM-DIR       13      23      34    36.11   27.66   31.33
  ARGM-DIS      117      39      65    75.00   64.29   69.23
  ARGM-EXT       63      39      42    61.76   60.00   60.87
  ARGM-GOL        3       8      21    27.27   12.50   17.14
  ARGM-LOC       82     126     125    39.42   39.61   39.52
  ARGM-LVB       23      16      46    58.97   33.33   42.59
  ARGM-MNR       47      56     101    45.63   31.76   37.45
  ARGM-MOD      375      13      67    96.65   84.84   90.36
  ARGM-NEG      181      20      35    90.05   83.80   86.81
  ARGM-PRD        7      15      37    31.82   15.91   21.21
  ARGM-PRP       27      43      48    38.57   36.00   37.24
  ARGM-PRR       20      29      49    40.82   28.99   33.90
  ARGM-TMP      356     170     187    67.68   65.56   66.60
    R-ARG0       50       7      17    87.72   74.63   80.65
    R-ARG1       33      12      19    73.33   63.46   68.04
    R-ARG2        0       1       1     0.00    0.00    0.00
R-ARGM-ADJ        0       0       1     0.00    0.00    0.00
R-ARGM-ADV        0       3       1     0.00    0.00    0.00
R-ARGM-DIR        0       0       1     0.00    0.00    0.00
R-ARGM-LOC        4       4       5    50.00   44.44   47.06
R-ARGM-MNR        0       0       8     0.00    0.00    0.00
R-ARGM-TMP        0       1       2     0.00    0.00    0.00
------------------------------------------------------------
         V     4784      11      18    99.77   99.63   99.70
------------------------------------------------------------
