Number of Sentences    :        2077
Number of Propositions :        4799
Percentage of perfect props :  16.23

              corr.  excess  missed    prec.    rec.      F1
------------------------------------------------------------
   Overall       30     274    9318     9.87    0.32    0.62
----------
      ARG0       23     238    1710     8.81    1.33    2.31
      ARG1        4      25    3237    13.79    0.12    0.24
  ARG1-DSP        0       0       4     0.00    0.00    0.00
      ARG2        0       6    1129     0.00    0.00    0.00
      ARG3        0       0      74     0.00    0.00    0.00
      ARG4        0       0      56     0.00    0.00    0.00
      ARG5        0       0       1     0.00    0.00    0.00
      ARGA        0       0       2     0.00    0.00    0.00
  ARGM-ADJ        1       3     227    25.00    0.44    0.86
  ARGM-ADV        0       0     496     0.00    0.00    0.00
  ARGM-CAU        0       0      46     0.00    0.00    0.00
  ARGM-COM        0       0      13     0.00    0.00    0.00
  ARGM-CXN        0       0      12     0.00    0.00    0.00
  ARGM-DIR        0       0      47     0.00    0.00    0.00
  ARGM-DIS        0       0     182     0.00    0.00    0.00
  ARGM-EXT        0       0     105     0.00    0.00    0.00
  ARGM-GOL        0       0      24     0.00    0.00    0.00
  ARGM-LOC        0       0     207     0.00    0.00    0.00
  ARGM-LVB        0       0      69     0.00    0.00    0.00
  ARGM-MNR        0       0     148     0.00    0.00    0.00
  ARGM-MOD        2       2     440    50.00    0.45    0.90
  ARGM-NEG        0       0     216     0.00    0.00    0.00
  ARGM-PRD        0       0      44     0.00    0.00    0.00
  ARGM-PRP        0       0      75     0.00    0.00    0.00
  ARGM-PRR        0       0      69     0.00    0.00    0.00
  ARGM-TMP        0       0     543     0.00    0.00    0.00
    R-ARG0        0       0      67     0.00    0.00    0.00
    R-ARG1        0       0      52     0.00    0.00    0.00
    R-ARG2        0       0       1     0.00    0.00    0.00
R-ARGM-ADJ        0       0       1     0.00    0.00    0.00
R-ARGM-ADV        0       0       1     0.00    0.00    0.00
R-ARGM-DIR        0       0       1     0.00    0.00    0.00
R-ARGM-LOC        0       0       9     0.00    0.00    0.00
R-ARGM-MNR        0       0       8     0.00    0.00    0.00
R-ARGM-TMP        0       0       2     0.00    0.00    0.00
------------------------------------------------------------
         V     4759      17      43    99.64   99.10   99.37
------------------------------------------------------------
