Number of Sentences    :        2077
Number of Propositions :        4799
Percentage of perfect props :  38.95

              corr.  excess  missed    prec.    rec.      F1
------------------------------------------------------------
   Overall     5178    2785    4170    65.03   55.39   59.82
----------
      ARG0     1097     228     636    82.79   63.30   71.75
      ARG1     1797    1092    1444    62.20   55.45   58.63
  ARG1-DSP        0       0       4     0.00    0.00    0.00
      ARG2      484     489     645    49.74   42.87   46.05
      ARG3       14      17      60    45.16   18.92   26.67
      ARG4       26      19      30    57.78   46.43   51.49
      ARG5        0       0       1     0.00    0.00    0.00
      ARGA        0       0       2     0.00    0.00    0.00
  ARGM-ADJ      139      68      89    67.15   60.96   63.91
  ARGM-ADV      210     182     286    53.57   42.34   47.30
  ARGM-CAU        9      23      37    28.12   19.57   23.08
  ARGM-COM        6       6       7    50.00   46.15   48.00
  ARGM-CXN        4      11       8    26.67   33.33   29.63
  ARGM-DIR       13      22      34    37.14   27.66   31.71
  ARGM-DIS      110      48      72    69.62   60.44   64.71
  ARGM-EXT       59      39      46    60.20   56.19   58.13
  ARGM-GOL        2       6      22    25.00    8.33   12.50
  ARGM-LOC       86     122     121    41.35   41.55   41.45
  ARGM-LVB       20      16      49    55.56   28.99   38.10
  ARGM-MNR       47      63     101    42.73   31.76   36.43
  ARGM-MOD      377      12      65    96.92   85.29   90.73
  ARGM-NEG      185      15      31    92.50   85.65   88.94
  ARGM-PRD        6      14      38    30.00   13.64   18.75
  ARGM-PRP       28      51      47    35.44   37.33   36.36
  ARGM-PRR       20      36      49    35.71   28.99   32.00
  ARGM-TMP      352     177     191    66.54   64.83   65.67
    R-ARG0       50       8      17    86.21   74.63   80.00
    R-ARG1       32      10      20    76.19   61.54   68.09
    R-ARG2        0       1       1     0.00    0.00    0.00
R-ARGM-ADJ        0       0       1     0.00    0.00    0.00
R-ARGM-ADV        0       4       1     0.00    0.00    0.00
R-ARGM-DIR        0       0       1     0.00    0.00    0.00
R-ARGM-LOC        5       5       4    50.00   55.56   52.63
R-ARGM-MNR        0       0       8     0.00    0.00    0.00
R-ARGM-TMP        0       1       2     0.00    0.00    0.00
------------------------------------------------------------
         V     4784      12      18    99.75   99.63   99.69
------------------------------------------------------------
